---
generation: 3
last_run_time: 1328956588.34804
tests:
  "./t/heroku.t":
    elapsed: 0.0259411334991455
    gen: 3
    last_fail_time: 1328956583.19844
    last_pass_time: 1328956588.34667
    last_result: 0
    last_run_time: 1328956588.34667
    last_todo: 0
    mtime: 1328956587
    seq: 3
    total_failures: 2
    total_passes: 1
version: 1
...
