---
generation: 150
last_run_time: 1329024359.79975
tests:
  "./t/heroku.t":
    elapsed: 10.7845549583435
    gen: 150
    last_fail_time: 1329023967.32715
    last_pass_time: 1329024359.79905
    last_result: 0
    last_run_time: 1329024359.79905
    last_todo: 0
    mtime: 1329023960
    seq: 150
    total_failures: 138
    total_passes: 11
  t/heroku.t:
    elapsed: 0.0218508243560791
    gen: 6
    last_fail_time: 1328991518.46624
    last_result: 1
    last_run_time: 1328991518.46624
    last_todo: 0
    mtime: 1329023960
    seq: 6
    total_failures: 1
version: 1
...
