---
generation: 142
last_run_time: 1329003976.56264
tests:
  "./t/heroku.t":
    elapsed: 24.8426029682159
    gen: 142
    last_fail_time: 1329003878.23566
    last_pass_time: 1329003976.56201
    last_result: 0
    last_run_time: 1329003976.56201
    last_todo: 0
    mtime: 1329003946
    seq: 142
    total_failures: 134
    total_passes: 7
  t/heroku.t:
    elapsed: 0.0218508243560791
    gen: 6
    last_fail_time: 1328991518.46624
    last_result: 1
    last_run_time: 1328991518.46624
    last_todo: 0
    mtime: 1329003946
    seq: 6
    total_failures: 1
version: 1
...
